3
2 5
0 0
1 2
5
3 3
1 8
1 5
8 9
0 5
9
0 0
11 12
2 6
6 8
9 16
3 14
5 12
9 12
3 14
5
0 5
0 2
0 1
0 9
0 5
9
0 13
10 11
5 6
2 4
7 14
1 17
15 16
3 8
9 12
1
0 0
5
4 5
6 8
1 8
0 2
2 5
8
11 12
10 13
5 9
0 7
4 8
1 2
14 15
3 6
5
3 4
1 2
6 6
4 10
0 6
5
1 2
0 9
4 5
7 8
3 6
4
0 6
4 7
1 2
3 5
8
9 10
8 9
6 11
5 10
2 6
2 4
0 0
13 14
5
754 1083
32 212
339 893
776 904
113 246
1
0 1
8
6 13
2 13
11 15
6 11
7 10
3 4
1 7
0 3
10
16 17
14 15
9 13
3 10
8 11
4 12
2 5
18 19
0 1
6 7
9
0 3
0 1
0 9
0 17
0 3
0 9
0 5
0 3
0 3
6
7 10
9 11
0 2
3 3
2 5
6 8
6
6 9
0 10
2 4
1 8
3 5
7 11
4
48 877
1333 1875
808 1879
45 235
8
5 8
0 3
7 13
10 14
5 9
9 11
1 13
1 2
3
2 3
0 1
4 5
5
2 4
3 6
5 8
0 3
0 2
10
4 11
2 2
4 19
7 9
3 8
0 18
12 12
15 17
6 11
8 14
8
0 10
3 10
0 6
10 12
3 7
2 3
6 6
14 15
4
1 1
2 3
3 5
2 3
7
0 3
0 13
0 5
0 7
0 2
0 4
0 1
5
0 1
0 5
0 5
0 3
0 9
8
0 7
0 2
0 8
0 15
0 3
0 1
0 8
0 4
7
11 11
7 10
1 6
1 13
1 6
1 7
0 1
3
0 3
3 3
0 0
2
1 3
0 2
9
407 1185
93 1795
721 1168
89 1146
606 1059
192 348
123 196
974 1362
402 1953
8
9 11
4 13
1 7
7 9
2 12
2 12
0 6
2 12
2
1 3
0 3
6
5 7
6 8
1 9
10 11
0 4
2 3
7
4 6
0 6
1 6
3 9
6 6
9 11
1 9
4
2 2
2 4
4 5
0 2
3
0 4
0 2
4 4
10
0 16
10 12
0 16
12 15
4 6
16 19
7 11
4 6
0 8
0 13
5
0 9
0 4
0 4
0 4
0 1
3
2 4
0 1
3 5
1
966 1918
5
0 1
0 2
0 9
0 2
0 2
6
0 7
2 3
0 2
9 11
5 7
7 8
8
10 15
2 9
7 11
11 14
0 3
5 7
0 3
2 11
7
0 13
0 6
0 3
0 4
0 2
0 1
0 6
8
0 3
0 8
0 7
0 8
0 1
0 15
0 5
0 8
4
0 0
0 2
2 5
5 5
1
0 1
1
70 504
10
1 18
17 19
3 14
1 4
5 11
4 15
4 5
5 12
5 11
0 4
7
0 1
9 11
5 8
3 12
4 6
7 13
2 10
10
0 8
4 13
14 16
13 16
2 9
7 9
0 11
0 0
0 11
14 17
3
0 1
2 4
4 4
10
0 10
2 3
2 4
2 10
10 17
7 12
1 12
15 16
5 14
18 19
9
0 3
0 1
0 8
0 8
0 3
0 2
0 2
0 17
0 2
4
890 1978
601 1187
1598 1738
328 1558
7
0 13
0 8
0 11
0 8
0 9
4 11
0 7
9
0 4
0 6
0 6
0 9
0 7
0 5
0 8
0 1
0 17
3
12 792
1672 1710
59 997
8
0 7
0 2
0 2
0 7
0 1
0 15
0 2
0 2
5
0 0
0 0
0 0
0 0
0 0
4
3 5
0 6
4 7
1 2
1
623 1621
6
5 7
0 1
7 10
2 4
1 6
9 10
7
10 12
0 4
4 10
1 4
1 7
8 13
2 4
3
0 4
0 3
2 3
3
554 940
118 1680
79 1355
6
11 11
1 3
0 0
4 7
7 9
0 6
3
0 1
0 2
0 5
2
0 3
0 1
7
12 13
7 10
1 7
3 10
3 7
0 1
3 5
7
5 10
5 10
4 5
1 6
2 7
10 11
0 3
6
0 9
1 9
2 8
4 5
4 6
1 9
10
12 16
15 16
9 14
0 1
6 7
10 15
3 9
4 6
4 12
1 14
3
0 1
2 4
3 5
4
5 6
1 2
3 4
0 7
5
1 5
5 5
5 9
0 7
1 3
10
10 16
2 9
8 8
17 19
2 4
0 15
0 12
8 16
2 8
6 11
1
0 1
8
2 12
10 13
1 2
4 10
0 15
9 10
1 2
6 9
2
0 3
0 2
4
1 3
0 6
3 3
2 4
8
3 4
13 14
0 9
6 10
7 11
1 8
5 15
2 12
2
0 1
1 1
10
648 883
29 39
154 1413
958 1861
678 820
618 1075
203 1698
68 265
205 1350
185 869
4
0 7
0 3
0 1
0 3
